  0.0010   0.0275   0.3714   2.2755   4.5581
  0.0020   0.0550   0.3986   2.3013   4.5839
  0.0030   0.0825   0.4255   2.3260   4.6086
  0.0040   0.1099   0.4521   2.3495   4.6321
  0.0050   0.1373   0.4784   2.3717   4.6543
  0.0060   0.1645   0.5043   2.3928   4.6754
  0.0070   0.1917   0.5299   2.4126   4.6952
  0.0080   0.2187   0.5552   2.4312   4.7138
  0.0090   0.2455   0.5800   2.4486   4.7312
  0.0100   0.2722   0.6045   2.4647   4.7473
  0.0110   0.2987   0.6286   2.4795   4.7621
  0.0120   0.3250   0.6522   2.4930   4.7756
  0.0130   0.3511   0.6754   2.5052   4.7878
  0.0140   0.3769   0.6981   2.5161   4.7987
  0.0150   0.4025   0.7203   2.5257   4.8083
  0.0160   0.4278   0.7421   2.5340   4.8166
  0.0170   0.4528   0.7633   2.5410   4.8236
  0.0180   0.4775   0.7840   2.5466   4.8292
  0.0190   0.5018   0.8042   2.5509   4.8335
  0.0200   0.5259   0.8238   2.5539   4.8365
  0.0210   0.5495   0.8429   2.5555   4.8381
  0.0220   0.5728   0.8613   2.5558   4.8384
  0.0230   0.5957   0.8792   2.5547   4.8373
  0.0240   0.6182   0.8965   2.5524   4.8350
  0.0250   0.6402   0.9132   2.5486   4.8312
  0.0260   0.6619   0.9292   2.5436   4.8262
  0.0270   0.6830   0.9446   2.5372   4.8198
  0.0280   0.7037   0.9594   2.5295   4.8121
  0.0290   0.7240   0.9735   2.5204   4.8030
  0.0300   0.7437   0.9869   2.5101   4.7927
  0.0310   0.7629   0.9997   2.4984   4.7810
  0.0320   0.7816   1.0118   2.4855   4.7681
  0.0330   0.7997   1.0232   2.4712   4.7538
  0.0340   0.8173   1.0338   2.4557   4.7383
  0.0350   0.8344   1.0438   2.4389   4.7215
  0.0360   0.8509   1.0531   2.4209   4.7035
  0.0370   0.8667   1.0616   2.4016   4.6842
  0.0380   0.8820   1.0694   2.3810   4.6636
  0.0390   0.8967   1.0765   2.3593   4.6419
  0.0400   0.9108   1.0828   2.3363   4.6189
  0.0410   0.9243   1.0884   2.3122   4.5948
  0.0420   0.9371   1.0933   2.2869   4.5695
  0.0430   0.9493   1.0974   2.2604   4.5430
  0.0440   0.9608   1.1007   2.2328   4.5154
  0.0450   0.9717   1.1033   2.2041   4.4867
  0.0460   0.9819   1.1052   2.1742   4.4569
  0.0470   0.9914   1.1062   2.1433   4.4260
  0.0480   1.0002   1.1066   2.1114   4.3940
  0.0490   1.0084   1.1061   2.0784   4.3610
  0.0500   1.0159   1.1049   2.0444   4.3270
  0.0510   1.0227   1.1030   2.0094   4.2920
  0.0520   1.0287   1.1003   1.9735   4.2561
  0.0530   1.0341   1.0968   1.9366   4.2192
  0.0540   1.0388   1.0926   1.8988   4.1814
  0.0550   1.0427   1.0876   1.8601   4.1427
  0.0560   1.0459   1.0819   1.8205   4.1031
  0.0570   1.0485   1.0755   1.7801   4.0627
  0.0580   1.0503   1.0683   1.7389   4.0215
  0.0590   1.0514   1.0604   1.6969   3.9795
  0.0600   1.0517   1.0517   1.6542   3.9368
  0.0610   1.0514   1.0423   1.6107   3.8934
  0.0620   1.0503   1.0323   1.5666   3.8492
  0.0630   1.0485   1.0215   1.5218   3.8044
  0.0640   1.0459   1.0100   1.4764   3.7590
  0.0650   1.0427   0.9978   1.4304   3.7130
  0.0660   1.0388   0.9850   1.3838   3.6664
  0.0670   1.0341   0.9714   1.3366   3.6192
  0.0680   1.0287   0.9572   1.2890   3.5716
  0.0690   1.0227   0.9423   1.2409   3.5235
  0.0700   1.0159   0.9268   1.1923   3.4749
  0.0710   1.0084   0.9107   1.1434   3.4260
  0.0720   1.0002   0.8939   1.0941   3.3767
  0.0730   0.9914   0.8765   1.0444   3.3270
  0.0740   0.9819   0.8586   0.9945   3.2771
  0.0750   0.9717   0.8400   0.9442   3.2268
  0.0760   0.9608   0.8209   0.8938   3.1764
  0.0770   0.9493   0.8012   0.8431   3.1257
  0.0780   0.9371   0.7809   0.7923   3.0749
  0.0790   0.9243   0.7601   0.7413   3.0239
  0.0800   0.9108   0.7388   0.6903   2.9729
  0.0810   0.8967   0.7170   0.6392   2.9218
  0.0820   0.8820   0.6947   0.5880   2.8706
  0.0830   0.8667   0.6719   0.5369   2.8195
  0.0840   0.8509   0.6486   0.4858   2.7684
  0.0850   0.8344   0.6249   0.4348   2.7174
  0.0860   0.8173   0.6008   0.3839   2.6665
  0.0870   0.7997   0.5763   0.3332   2.6158
  0.0880   0.7816   0.5514   0.2826   2.5652
  0.0890   0.7629   0.5261   0.2323   2.5149
  0.0900   0.7437   0.5004   0.1822   2.4648
  0.0910   0.7240   0.4744   0.1324   2.4150
  0.0920   0.7037   0.4481   0.0830   2.3656
  0.0930   0.6830   0.4214   0.0339   2.3165
  0.0940   0.6619   0.3945  -0.0149   2.2677
  0.0950   0.6402   0.3673  -0.0632   2.2194
  0.0960   0.6182   0.3399  -0.1110   2.1716
  0.0970   0.5957   0.3122  -0.1584   2.1242
  0.0980   0.5728   0.2843  -0.2052   2.0774
  0.0990   0.5495   0.2562  -0.2515   2.0311
  0.1000   0.5259   0.2279  -0.2972   1.9854
  0.1010   0.5018   0.1995  -0.3423   1.9404
  0.1020   0.4775   0.1709  -0.3867   1.8959
  0.1030   0.4528   0.1423  -0.4304   1.8522
  0.1040   0.4278   0.1135  -0.4735   1.8091
  0.1050   0.4025   0.0846  -0.5158   1.7668
  0.1060   0.3769   0.0557  -0.5573   1.7253
  0.1070   0.3511   0.0268  -0.5981   1.6845
  0.1080   0.3250  -0.0022  -0.6380   1.6446
  0.1090   0.2987  -0.0312  -0.6771   1.6055
  0.1100   0.2722  -0.0601  -0.7153   1.5673
  0.1110   0.2455  -0.0890  -0.7526   1.5300
  0.1120   0.2187  -0.1179  -0.7889   1.4937
  0.1130   0.1917  -0.1466  -0.8243   1.4583
  0.1140   0.1645  -0.1753  -0.8588   1.4238
  0.1150   0.1373  -0.2038  -0.8922   1.3904
  0.1160   0.1099  -0.2322  -0.9246   1.3580
  0.1170   0.0825  -0.2605  -0.9560   1.3266
  0.1180   0.0550  -0.2885  -0.9863   1.2963
  0.1190   0.0275  -0.3164  -1.0155   1.2671
